Matrix with has_breaking: True
[1.0, 0.7, 0.3429999999999999, 0.24009999999999992, 0.16806999999999994, 0.08235429999999996, 0.05764800999999997, 0.04035360699999998]
[1.0, 0.7, 0.3429999999999999, 0.24009999999999992, 0.16806999999999994, 0.08235429999999996, 0.05764800999999997, 0.04035360699999998]
[1.0, 0.7, 0.3429999999999999, 0.24009999999999992, 0.16806999999999994, 0.08235429999999996, 0.05764800999999997, 0.04035360699999998]
[1.0, 0.7, 0.3429999999999999, 0.24009999999999992, 0.16806999999999994, 0.08235429999999996, 0.05764800999999997, 0.04035360699999998]
[1.0, 0.7, 0.3429999999999999, 0.24009999999999992, 0.16806999999999994, 0.08235429999999996, 0.05764800999999997, 0.04035360699999998]
[1.0, 0.7, 0.3429999999999999, 0.24009999999999992, 0.16806999999999994, 0.08235429999999996, 0.05764800999999997, 0.04035360699999998]
[1.0, 0.7, 0.3429999999999999, 0.24009999999999992, 0.16806999999999994, 0.08235429999999996, 0.05764800999999997, 0.04035360699999998]
[1.0, 0.7, 0.3429999999999999, 0.24009999999999992, 0.16806999999999994, 0.08235429999999996, 0.05764800999999997, 0.04035360699999998]

hungarian_min: [0.08235429999999996, 0.3429999999999999, 1.0, 0.7, 0.24009999999999992, 0.16806999999999994, 0.04035360699999998, 0.05764800999999997]
[2 3 1 4 5 0 7 6]

hungarian_max: [1.0, 0.7, 0.3429999999999999, 0.24009999999999992, 0.16806999999999994, 0.08235429999999996, 0.05764800999999997, 0.04035360699999998]
[0 1 2 3 4 5 6 7]


Matrix with has_breaking: False
[1.0, 0.7, 0.48999999999999994, 0.3429999999999999, 0.24009999999999992, 0.16806999999999994, 0.11764899999999995, 0.08235429999999996]
[1.0, 0.7, 0.48999999999999994, 0.3429999999999999, 0.24009999999999992, 0.16806999999999994, 0.11764899999999995, 0.08235429999999996]
[1.0, 0.7, 0.48999999999999994, 0.3429999999999999, 0.24009999999999992, 0.16806999999999994, 0.11764899999999995, 0.08235429999999996]
[1.0, 0.7, 0.48999999999999994, 0.3429999999999999, 0.24009999999999992, 0.16806999999999994, 0.11764899999999995, 0.08235429999999996]
[1.0, 0.7, 0.48999999999999994, 0.3429999999999999, 0.24009999999999992, 0.16806999999999994, 0.11764899999999995, 0.08235429999999996]
[1.0, 0.7, 0.48999999999999994, 0.3429999999999999, 0.24009999999999992, 0.16806999999999994, 0.11764899999999995, 0.08235429999999996]
[1.0, 0.7, 0.48999999999999994, 0.3429999999999999, 0.24009999999999992, 0.16806999999999994, 0.11764899999999995, 0.08235429999999996]
[1.0, 0.7, 0.48999999999999994, 0.3429999999999999, 0.24009999999999992, 0.16806999999999994, 0.11764899999999995, 0.08235429999999996]

hungarian_min: [0.08235429999999996, 0.11764899999999995, 0.16806999999999994, 0.24009999999999992, 0.3429999999999999, 0.48999999999999994, 0.7, 1.0]
[7 6 5 4 3 2 1 0]

hungarian_max: [1.0, 0.7, 0.48999999999999994, 0.3429999999999999, 0.24009999999999992, 0.16806999999999994, 0.11764899999999995, 0.08235429999999996]
[0 1 2 3 4 5 6 7]