Matrix with has_breaking: True
[1.0, 0.7, 0.3429999999999999, 0.24009999999999992, 0.16806999999999994, 0.08235429999999996, 0.05764800999999997, 0.04035360699999998]
[1.0, 0.7, 0.3429999999999999, 0.24009999999999992, 0.16806999999999994, 0.08235429999999996, 0.05764800999999997, 0.04035360699999998]
[1.0, 0.7, 0.3429999999999999, 0.24009999999999992, 0.16806999999999994, 0.08235429999999996, 0.05764800999999997, 0.04035360699999998]
[1.0, 0.7, 0.3429999999999999, 0.24009999999999992, 0.16806999999999994, 0.08235429999999996, 0.05764800999999997, 0.04035360699999998]
[1.0, 0.7, 0.3429999999999999, 0.24009999999999992, 0.16806999999999994, 0.08235429999999996, 0.05764800999999997, 0.04035360699999998]
[1.0, 0.7, 0.3429999999999999, 0.24009999999999992, 0.16806999999999994, 0.08235429999999996, 0.05764800999999997, 0.04035360699999998]
[1.0, 0.7, 0.3429999999999999, 0.24009999999999992, 0.16806999999999994, 0.08235429999999996, 0.05764800999999997, 0.04035360699999998]
[1.0, 0.7, 0.3429999999999999, 0.24009999999999992, 0.16806999999999994, 0.08235429999999996, 0.05764800999999997, 0.04035360699999998]

saving: 2.6315259169999994
[0, 1, 2, 3, 4, 5, 6, 7]

saving_greedy: 12.631525917
[0, 1, 2, 3, 4, 5, 6, 7, 0, 0, 0, 0, 0, 0, 0, 0]


Matrix with has_breaking: False
[1.0, 0.7, 0.48999999999999994, 0.3429999999999999, 0.24009999999999992, 0.16806999999999994, 0.11764899999999995, 0.08235429999999996]
[1.0, 0.7, 0.48999999999999994, 0.3429999999999999, 0.24009999999999992, 0.16806999999999994, 0.11764899999999995, 0.08235429999999996]
[1.0, 0.7, 0.48999999999999994, 0.3429999999999999, 0.24009999999999992, 0.16806999999999994, 0.11764899999999995, 0.08235429999999996]
[1.0, 0.7, 0.48999999999999994, 0.3429999999999999, 0.24009999999999992, 0.16806999999999994, 0.11764899999999995, 0.08235429999999996]
[1.0, 0.7, 0.48999999999999994, 0.3429999999999999, 0.24009999999999992, 0.16806999999999994, 0.11764899999999995, 0.08235429999999996]
[1.0, 0.7, 0.48999999999999994, 0.3429999999999999, 0.24009999999999992, 0.16806999999999994, 0.11764899999999995, 0.08235429999999996]
[1.0, 0.7, 0.48999999999999994, 0.3429999999999999, 0.24009999999999992, 0.16806999999999994, 0.11764899999999995, 0.08235429999999996]
[1.0, 0.7, 0.48999999999999994, 0.3429999999999999, 0.24009999999999992, 0.16806999999999994, 0.11764899999999995, 0.08235429999999996]

saving: 3.1411732999999997
[0, 1, 2, 3, 4, 5, 6, 7]

saving_greedy: 13.1411733
[0, 1, 2, 3, 4, 5, 6, 7, 0, 0, 0, 0, 0, 0, 0, 0]