0.0
0.0
0.0
0.0
0.0
0.0
0.0
0.0
0.0
0.0
0.0
0.0
0.0
0.0
0.0
0.0
0.0
0.0
0.0
0.0
0.0
0.0
0.0
0.0
0.0
0.0
0.0
0.0
0.0
0.0
0.0
0.0
0.0
0.0
0.0
0.0
0.0
0.0009970664978027344
0.0
0.0
0.0
0.0009968280792236328
0.0
0.0
0.0
0.0
0.0
0.0
0.0009968280792236328
0.0
0.0
0.0
0.0
0.0
0.0009975433349609375
0.0
0.0009975433349609375
0.0
0.0
0.0
0.0009970664978027344
0.0010197162628173828
0.000997781753540039
0.0
0.000997304916381836
0.000997781753540039
0.0010139942169189453
0.0009968280792236328
0.0009968280792236328
0.000995635986328125
0.0010199546813964844
0.0008065700531005859
0.000997304916381836
0.000997304916381836
0.0009961128234863281
0.0009975433349609375
0.0009970664978027344
0.0009970664978027344
0.001026153564453125
0.0009930133819580078
0.0010271072387695312
0.0010704994201660156
0.0019943714141845703
0.0019948482513427734
0.0019659996032714844
0.0008065700531005859
0.0010204315185546875
0.0010204315185546875
0.001827239990234375
0.001995086669921875
0.0020236968994140625
0.001982450485229492
0.0009982585906982422
0.0019164085388183594
0.0029921531677246094
0.0019943714141845703
0.0029921531677246094
0.0019948482513427734
0.001994609832763672
0.0019943714141845703
0.0029883384704589844
0.001995563507080078
0.0030002593994140625
0.002831697463989258
0.002992391586303711
0.0029916763305664062
0.0019948482513427734
0.002992391586303711
0.002988100051879883
0.001988649368286133
0.0029921531677246094
0.0039899349212646484
0.002991914749145508
0.003235340118408203
0.003988504409790039
0.003989696502685547
0.0039899349212646484
0.003988504409790039
0.003989219665527344
0.0029916763305664062
0.0038301944732666016
0.0039882659912109375
0.0029926300048828125
0.0029916763305664062
0.004992246627807617
0.005035400390625
0.003839254379272461
0.003989458084106445
0.004012584686279297
0.004991292953491211
0.0059833526611328125
0.004660367965698242
0.0049860477447509766
0.0049860477447509766
0.004959821701049805
0.004985809326171875
0.004987001419067383
0.00498652458190918
0.005956411361694336
0.0069811344146728516
0.005984783172607422
0.005983829498291016
0.0068814754486083984
0.00595545768737793
0.005984067916870117
0.007978200912475586
0.0069828033447265625
0.0069735050201416016
0.006980419158935547
0.00804281234741211
0.007979869842529297
0.007978200912475586
0.008039236068725586
0.00803375244140625
0.007978200912475586
0.0074846744537353516
0.007979154586791992
0.007842779159545898
0.00797891616821289
0.008013486862182617
0.008975982666015625
0.009003162384033203
0.008948326110839844
0.009068012237548828
0.010180950164794922
0.009996175765991211
0.010033845901489258
0.008975028991699219
0.010942459106445312
0.009761333465576172
0.009959697723388672
0.010904550552368164
0.009974241256713867
0.009009838104248047
0.010033130645751953
0.009995222091674805
0.010970830917358398
0.01102137565612793
0.010904073715209961
0.01102900505065918
0.0109710693359375
0.011954784393310547
0.012995719909667969
0.012279033660888672
0.013046503067016602
0.01173853874206543
0.013586759567260742
0.01193690299987793
0.012962579727172852
0.011977434158325195
0.01396322250366211
0.013972282409667969
0.013897180557250977
0.013971567153930664
0.013152360916137695
0.013757467269897461
0.01677250862121582
0.015958786010742188
