11.0
11.7
12.19
12.533
12.7731
12.94117
13.058819
13.1411733
13.19882131
13.239174917
13.267422441899999
13.28719570933
13.301036996531
13.3107258975717
13.31750812830019
13.322255689810133
13.325578982867093
13.327905288006965
13.329533701604875
13.330673591123412
13.331471513786388
13.33203005965047
13.33242104175533
13.33269472922873
13.332886310460111
13.333020417322079
13.333114292125455
13.333180004487819
13.333226003141473
13.33325820219903
13.33328074153932
13.333296519077525
13.333307563354268
13.333315294347987
13.33332070604359
13.333324494230514
13.33332714596136
13.33332900217295
13.333330301521066
13.333331211064746
13.333331847745322
13.333332293421725
13.333332605395206
13.333332823776644
13.33333297664365
13.333333083650555
13.333333158555387
13.333333210988771
13.333333247692138
13.333333273384497
13.333333291369147
13.333333303958403
13.33333331277088
13.333333318939616
13.333333323257731
13.333333326280412
13.333333328396288
13.333333329877401
13.33333333091418
13.333333331639926
13.333333332147948
13.333333332503564
13.333333332752494
13.333333332926745
13.33333333304872
13.333333333134105
13.333333333193872
13.33333333323571
13.333333333264996
13.333333333285497
13.333333333299848
13.333333333309893
13.333333333316924
13.333333333321846
13.333333333325292
13.333333333327705
13.333333333329392
13.333333333330575
13.333333333331401
13.33333333333198
13.333333333332387
13.33333333333267
13.333333333332869
13.333333333333007
13.333333333333105
13.333333333333172
13.33333333333322
13.333333333333254
13.333333333333277
13.333333333333293
13.333333333333306
13.333333333333313
13.333333333333318
13.333333333333323
13.333333333333325
13.333333333333327
13.333333333333329
13.333333333333329
13.33333333333333
