10.813921702363062
11.235258565933256
11.200888513205559
11.005396802338518
11.311004103443274
11.584309886300142
11.05903830817606
11.536126757695108
11.620617764685433
11.61879423591246
11.581169026808247
12.124056635696009
11.755275321504463
12.037939933963496
11.820121928845477
12.11959932741406
12.078488974786154
11.898755521432745
11.731515367166564
11.66463160873016
12.150995015195772
12.094488179980596
12.061622315781968
12.036324332742282
12.092330224221158
11.954528148345775
12.002613125821787
12.378987346037981
12.242071583412756
11.919218609570569
11.933794428667785
12.123683068508681
11.992527418063176
11.944939527021054
12.286626141224307
12.281308604737436
12.219476305340198
12.140915978927051
12.514968040214448
12.18624624924989
12.40483501576244
11.893855711216107
11.946597981325768
12.599935537260777
12.278364319689627
12.267897123376272
12.134401825285547
12.324838841863373
12.218121328078986
12.12621729219936
12.23300358104362
12.413326843565077
12.143292218908277
12.200160300578585
12.00313960855553
12.39334566393914
12.198224735379366
12.103409691497358
12.145707129194776
12.468815423891993
12.403742761610577
12.297267365491749
12.386511799897933
12.658527412518806
12.401770081505452
12.286479727383572
12.40051982430472
12.080928891270599
12.621377091590874
12.688591270404658
12.214934659058208
12.32381739413937
12.69285455466989
12.524455155515222
12.399214615336966
12.363017648556088
12.40260132879036
12.33347636264872
12.430710267664528
12.377432648016056
12.402705288858375
12.734911672510192
12.401982717483873
12.586797950500994
12.493710163763982
12.311509149056315
12.656684039316906
12.422584384165653
12.269280103384721
12.542363138730552
12.403820218398026
12.35694999102601
12.542060550498958
12.540483703261849
12.501077158319704
12.610659198124239
12.502215060903229
12.514938982714188
12.369907905562252
