0.0
0.0
0.0
0.0
0.0
0.0
0.0
0.0
0.0
0.0
0.0
0.0
0.0
0.0
0.0
0.0
0.0
0.0
0.0010418891906738281
0.0
0.0
0.0
0.0
0.0
0.0
0.0
0.0
0.000997304916381836
0.0009698867797851562
0.0
0.0
0.0
0.0
0.0
0.0
0.0
0.0
0.0
0.0
0.000997304916381836
0.0
0.0
0.0
0.0
0.000997304916381836
0.0009980201721191406
0.001008749008178711
0.0010213851928710938
0.0
0.0009980201721191406
0.0
0.0009968280792236328
0.0
0.0009970664978027344
0.0
0.0010082721710205078
0.0009970664978027344
0.000997781753540039
0.0
0.0009968280792236328
0.000997304916381836
0.000675201416015625
0.0010256767272949219
0.0009989738464355469
0.0009968280792236328
0.000997304916381836
0.00098419189453125
0.000997781753540039
0.0008103847503662109
0.000997304916381836
0.0010023117065429688
0.0010173320770263672
0.0009970664978027344
0.0009970664978027344
0.001995086669921875
0.0019943714141845703
0.0009975433349609375
0.0009975433349609375
0.0019872188568115234
0.0019943714141845703
0.001992464065551758
0.0010151863098144531
0.0019943714141845703
0.001994609832763672
0.002023458480834961
0.002988576889038086
0.0019903182983398438
0.00299072265625
0.001990795135498047
0.0019948482513427734
0.0020017623901367188
0.001995563507080078
0.002983570098876953
0.0029914379119873047
0.0029914379119873047
0.002992391586303711
0.0019941329956054688
0.002775907516479492
0.0039899349212646484
0.0029931068420410156
0.0029914379119873047
0.004189491271972656
0.0029838085174560547
0.0039827823638916016
0.003675222396850586
0.0029914379119873047
0.0029916763305664062
0.0037517547607421875
0.00370025634765625
0.0029685497283935547
0.003989458084106445
0.003987789154052734
0.004987478256225586
0.003989458084106445
0.004987001419067383
0.005179643630981445
0.0049860477447509766
0.004986286163330078
0.004986763000488281
0.00598454475402832
0.004986286163330078
0.004987001419067383
0.004988431930541992
0.004986763000488281
0.006018161773681641
0.005983114242553711
0.005856513977050781
0.005926370620727539
0.005901813507080078
0.0063571929931640625
0.006022214889526367
0.006015777587890625
0.00698089599609375
0.005984067916870117
0.006876468658447266
0.006981611251831055
0.006981372833251953
0.006977081298828125
0.0069811344146728516
0.00797891616821289
0.007862091064453125
0.008975982666015625
0.008006572723388672
0.008009672164916992
0.009003162384033203
0.009567975997924805
0.00983881950378418
0.010009050369262695
0.009849786758422852
0.00980997085571289
0.01096963882446289
0.010949134826660156
0.00986337661743164
0.010618925094604492
0.009973287582397461
0.010059595108032227
0.010970115661621094
0.010812520980834961
0.01150202751159668
0.011356115341186523
0.010971307754516602
0.011419296264648438
0.01284027099609375
0.011936664581298828
0.013643264770507812
0.012972354888916016
0.011925220489501953
0.011996269226074219
0.015460491180419922
0.014991044998168945
0.013962745666503906
0.014758825302124023
0.014959573745727539
0.012958526611328125
0.014984607696533203
0.014888286590576172
0.014960527420043945
0.014568328857421875
0.014981508255004883
0.01595163345336914
0.01670074462890625
0.015975475311279297
0.01894235610961914
0.017975807189941406
0.017962217330932617
0.01899886131286621
0.018836498260498047
0.01862645149230957
0.018461942672729492
0.017954349517822266
0.020287752151489258
0.019663572311401367
0.019726037979125977
0.019675254821777344
0.01994633674621582
0.01965022087097168
0.023030519485473633
0.020449399948120117
