0.688584276696486
0.8038209488677154
1.167418340525392
0.9980898044870496
1.2929385414371535
1.3641127688037138
1.825511230923667
1.7625034409234965
2.0090245098132677
1.3713027611447641
1.7956213633708813
1.5224680215078832
1.4853529079089756
2.256110703939054
2.520829917427954
1.7963343633436026
1.8772642223270917
2.127614550188798
2.154161313480931
1.8940941667805886
2.4711344448981825
2.345045280685276
2.1237458387318284
2.1129495127831137
2.0536198756443427
1.9582160890056182
2.229779088519217
2.249501970387937
2.166842505832086
2.3897121788605578
2.0070750502269803
2.0365077283327304
2.1443761307504214
2.605234533654792
2.5494139385948165
2.6568591302993516
2.2698108212019643
2.1423679983310215
2.205623910445473
2.243519740094998
2.2776719174611166
2.675956551340278
2.275128813947392
2.5873757285534693
2.800039286901563
2.2821012043521884
2.3706501542957
2.37843467202819
2.438136282878952
2.5207966053395126
2.523936069086699
2.6844563319918264
2.595108897463693
2.297111278051254
2.4447665288687275
2.261236765935454
2.8253633244995022
2.311506578831711
2.5422208988242034
2.8769436318240302
2.5216240168400272
2.344089844687198
2.465596662359031
2.340154936925344
2.689622100529879
2.6010507524138653
2.5929226848469233
2.547047588601367
2.619200647994727
2.799980630466147
2.68378190901605
2.63388254291755
2.5062729228207976
2.534512106028568
2.831640027557452
2.634150310432918
2.685680084546514
3.089961836556245
2.7308482835812753
2.9914937130307804
2.46453525361235
2.7367127060571463
2.5314606887068147
2.671239619009636
2.5566125098921284
2.4434330746116935
2.859300829568746
2.6521605468369156
2.5972746009221983
2.827270330545021
3.1303554963087854
2.5730178859614856
2.953593362808665
2.8800956613589888
2.7587590534283297
2.687968782032413
2.769531729188725
2.6454671257665647
2.6829282017829117
