0.8139217023630629
1.235258565933256
1.2008885132055591
1.0053968023385191
1.3110041034432738
1.584309886300142
1.0590383081760593
1.5361267576951079
1.6206177646854318
1.618794235912461
1.5811690268082477
2.1240566356960087
1.7552753215044639
2.0379399339634956
1.8201219288454764
2.1195993274140594
2.0784889747861532
1.8987555214327456
1.731515367166564
1.6646316087301596
2.1509950151957717
2.094488179980596
2.0616223157819666
2.0363243327422813
2.0923302242211577
1.9545281483457748
2.002613125821787
2.37898734603798
2.2420715834127556
1.9192186095705683
1.9337944286677837
2.123683068508681
1.9925274180631753
1.9449395270210534
2.286626141224308
2.2813086047374362
2.219476305340197
2.1409159789270515
2.514968040214449
2.18624624924989
2.4048350157624414
1.8938557112161067
1.9465979813257686
2.599935537260777
2.2783643196896275
2.2678971233762715
2.134401825285546
2.324838841863374
2.218121328078987
2.126217292199361
2.233003581043621
2.413326843565076
2.1432922189082775
2.2001603005785855
2.00313960855553
2.39334566393914
2.198224735379366
2.103409691497358
2.1457071291947747
2.468815423891993
2.4037427616105775
2.297267365491749
2.386511799897933
2.6585274125188056
2.4017700815054526
2.2864797273835724
2.4005198243047197
2.0809288912705997
2.621377091590874
2.6885912704046566
2.214934659058208
2.3238173941393696
2.6928545546698888
2.5244551555152213
2.3992146153369656
2.3630176485560885
2.4026013287903596
2.3334763626487196
2.4307102676645287
2.377432648016056
2.402705288858374
2.7349116725101923
2.4019827174838735
2.586797950500995
2.493710163763983
2.311509149056315
2.6566840393169056
2.4225843841656536
2.269280103384722
2.5423631387305523
2.4038202183980264
2.3569499910260108
2.5420605504989577
2.5404837032618497
2.5010771583197045
2.610659198124238
2.5022150609032296
2.5149389827141873
2.3699079055622527
