0.5918601665172422
0.3651094876417431
0.2629216540938281
0.6208951419593234
0.3369565672580297
0.2475853205723374
0.26457242509246803
0.7136632714179356
0.18445278483086067
0.2560884235319171
0.18554978294088253
0.31177441984356935
0.3370252186060541
0.49610511347120007
0.19396730999185646
0.14373218883936412
0.3281041705532432
0.14333953583032216
0.1932851234155818
0.16402452652356883
0.23659207773385552
0.1835850555543842
0.24537269624474567
0.19867616934440474
0.23455673658668513
0.16382844713756645
0.14077389642099733
0.13098199446214975
0.1571288141316843
0.13478129854623708
0.17945385636186717
0.1515417572611945
0.16760081559953657
0.15718392905944398
0.1608853109291335
0.14872721389150056
0.12893068038541985
0.16211282665473703
0.16104679732922458
0.1718902019060458
0.15039139549211764
0.15568753390883594
0.14247192132867723
0.16684004008498274
0.15510069431917967
0.12667754385528812
0.14882699475700326
0.14240943408532805
0.13361568263590565
0.13257483959314648
0.17030527609660054
0.14981364054605245
0.1477717308956814
0.15740773066525687
0.13848787838249724
0.129499670146518
0.1400447020855594
0.12825617737459602
0.1219592555511368
0.1284285710263466
0.17174410811963434
0.14552508331131736
0.1316829097074243
0.1260384102284649
0.1560792719014336
0.14963768671707103
0.1260671738268328
0.14788168711919045
0.13656234747683194
0.15288017197766332
0.13208257510175145
0.12885510564104055
0.13014732811710622
0.14343240285161615
0.13437659001432178
0.13830972586323856
0.14941423093947293
0.1408683744634904
0.14153471033672899
0.13498279437141997
0.12706855901527603
0.1267933217879707
0.13080955304178915
0.1618392712251062
0.15177728018221368
0.12468492570633614
0.13191485102844883
0.12853242812649682
0.12204467510738906
0.12347742256580427
0.12652084339836722
0.15475442257221544
0.16806872892643906
0.12805297229139634
0.13325731327578083
0.14901763853922365
0.14953048848038042
0.13006836371570668
0.155208558132625
