0.0
0.0
0.0
0.0
0.0
0.0
0.0
0.0
0.0
0.0
0.0
0.0
0.0
0.0
0.0
0.0
0.0
0.0
0.0
0.0
0.0
0.0
0.0
0.0
0.0
0.0
0.0009970664978027344
0.0
0.0
0.0010268688201904297
0.0
0.0
0.0
0.0
0.001004934310913086
0.0
0.0
0.0
0.0
0.0
0.0
0.0009970664978027344
0.0
0.0
0.0008120536804199219
0.0
0.0
0.0
0.0
0.0
0.0009970664978027344
0.0009975433349609375
0.0009970664978027344
0.0009975433349609375
0.0
0.0
0.0
0.0007026195526123047
0.000997304916381836
0.0
0.0
0.0
0.000997304916381836
0.0
0.0009975433349609375
0.0009970664978027344
0.0
0.0009870529174804688
0.0009889602661132812
0.0
0.0009982585906982422
0.0010151863098144531
0.0009970664978027344
0.0
0.000997304916381836
0.0
0.0009691715240478516
0.0
0.0
0.0010142326354980469
0.0010156631469726562
0.0009744167327880859
0.0
0.0
0.0009975433349609375
0.0009980201721191406
0.000997781753540039
0.0009734630584716797
0.0009970664978027344
0.000997304916381836
0.0010023117065429688
0.0009732246398925781
0.0
0.0010075569152832031
0.0009686946868896484
0.0
0.0010249614715576172
0.0010211467742919922
0.0009958744049072266
0.0009975433349609375
0.001003265380859375
0.0007681846618652344
0.0009944438934326172
0.000997304916381836
0.000997781753540039
0.0009970664978027344
0.0019943714141845703
0.000997304916381836
0.0019943714141845703
0.000997781753540039
0.0009975433349609375
0.0019948482513427734
0.0009975433349609375
0.0009975433349609375
0.001996278762817383
0.000997304916381836
0.0019485950469970703
0.000997304916381836
0.0009968280792236328
0.001994609832763672
0.0009984970092773438
0.001986980438232422
0.001995086669921875
0.0009846687316894531
0.0009927749633789062
0.0009961128234863281
0.0009975433349609375
0.0009984970092773438
0.001966238021850586
0.002000093460083008
0.00165557861328125
0.0010280609130859375
0.001994609832763672
0.001994609832763672
0.0019421577453613281
0.0009970664978027344
0.0019943714141845703
0.0019898414611816406
0.001994609832763672
0.0019943714141845703
0.0009970664978027344
0.0019941329956054688
0.001970052719116211
0.00202178955078125
0.001994609832763672
0.002991914749145508
0.0017821788787841797
0.0019941329956054688
0.0019941329956054688
0.001994609832763672
0.001995086669921875
0.0022878646850585938
0.002992868423461914
0.0019943714141845703
0.0029921531677246094
0.0019905567169189453
0.0028679370880126953
0.001992464065551758
0.0026421546936035156
0.0020177364349365234
0.0019729137420654297
0.001991748809814453
0.0020170211791992188
0.003019571304321289
0.003006458282470703
0.003020048141479492
0.001992464065551758
0.0029914379119873047
0.0019936561584472656
0.002007007598876953
0.0019941329956054688
0.002982616424560547
0.0029702186584472656
0.0026366710662841797
0.0019943714141845703
0.002991914749145508
0.002991914749145508
0.002991914749145508
0.0030143260955810547
0.0029938220977783203
0.0029692649841308594
0.002992391586303711
0.0029897689819335938
0.0039594173431396484
0.0029926300048828125
0.002961874008178711
0.003991842269897461
0.0029642581939697266
0.003772735595703125
0.0029914379119873047
0.003998994827270508
0.0029916763305664062
0.003989458084106445
0.003985881805419922
0.0029916763305664062
0.0029952526092529297
0.003989458084106445
0.002991914749145508
