0.28562976949045976
0.7164297781796394
0.3197426659159546
0.45384657206046575
0.7363511896954245
0.5053079759331117
0.38553311629077064
0.420531319287692
0.1943467664693076
0.42864830410004096
0.3847699969033206
0.34313562680118476
0.4986012209804058
0.28390525335512234
0.3809604261356704
0.1624572808170653
0.3960923416751612
0.2041439195041134
0.18494134018625252
0.23985694674248811
0.2157702831408996
0.2403703867203049
0.20313024637511082
0.20917737157161198
0.15068036171324345
0.20766876466069836
0.14547019259908936
0.19700839258629554
0.14963152809401747
0.2316630909019811
0.1593648529790305
0.19742542569274907
0.23879020938148063
0.1442036775989168
0.22646780266543182
0.17670199580537096
0.18515868018157722
0.1540632311495158
0.15267009563412548
0.15198741857822934
0.18087782458096702
0.19923212288315828
0.1476049313780413
0.14938710820741713
0.14899269950217195
0.1543767706350839
0.16888985362062572
0.17592728298476926
0.14806413886832973
0.14464302173362156
0.13590531428540445
0.17868420655602385
0.14138212615653037
0.16034459478902327
0.1866706637404144
0.13008384228848888
0.155597564533133
0.1641377958311165
0.19908606966678027
0.18054540682168563
0.13807672023563416
0.13717977823342425
0.1208071584670704
0.1689479672154807
0.15234935884423687
0.16323570489381709
0.1671920105897829
0.1630235608834792
0.14410419164802885
0.13481333175473795
0.13424455169766797
0.1371874369116584
0.1603191772763479
0.13852289726332265
0.14602513704574416
0.18688292761832612
0.14816421291191162
0.12392092985403519
0.15699126124228682
0.14207610308142757
0.15693420417368792
0.15299542340397373
0.16818782276917826
0.13054976235203108
0.15816780808970318
0.1510196976527593
0.12582370654449354
0.136614184419385
0.12916329952530323
0.14254526066562298
0.128378207424397
0.1521649838427455
0.18353997869858132
0.16598856152085967
0.1465945948326254
0.1493778064037923
0.14041211175349155
0.13853572412643453
0.1517505188958863
