0.5918601665172422
0.6257207560732303
1.1056398028283598
1.1784664909628555
1.6046969777326423
0.7966552938150204
1.7528332609548274
1.574554656416819
1.6425546541444014
2.0608974199949888
1.4836951600907085
1.7838545917048778
2.0078993582847056
2.3535273777381494
1.7748595587361342
1.9616539107875082
1.9365270426170598
2.005397237316908
1.883624339133009
2.1188641103479564
2.1716535919195907
2.0275218236265697
2.1519639774539403
2.4126974802392596
2.1251533933182087
2.100712520421571
1.9903760093952665
1.9111766024060044
2.1930018069537662
2.0295972786497907
2.422222980205839
1.9682944736546717
1.9598580909568497
2.1547526606601326
2.347846029893677
2.112527975308866
2.0905511273137827
2.360056704864626
2.390928147220087
2.2645556748392117
2.3312339652778276
2.2265364513716444
2.258424625815017
2.3319314915734473
2.0694509271863373
2.608337419436025
2.0925005457530186
2.416892967998355
2.3458104261615085
2.520863915090764
2.48727417975071
2.3000735794706193
2.4444146060542358
2.531492827329604
2.1354516279558684
2.3574637928584004
2.384197331279664
2.1342983230515586
2.096785703537699
2.541535408835762
2.345661195191636
2.5541783974902694
2.436827193849296
2.6329865215758628
2.6578358752576285
2.3728602817150493
2.4130824580893813
2.1164953962139075
2.598802340224561
2.6404504542210896
2.4457708583304076
2.336976029639442
2.426516988900306
2.4060617176062262
2.2010812565668503
2.438199090923114
2.1832812107583788
2.567963671420686
2.505268793273795
2.257541495249834
2.6559234293372773
2.6973156628046864
2.7699093377900774
2.8084120976273472
2.2641149095230717
2.466409810804797
2.3352555952128364
2.827737652088996
2.389039945614799
2.540446925293283
2.6171228376819657
2.5012179421155047
2.660243567038335
2.9306842358310696
2.6595752995441697
2.7164444076557017
2.7276831646492052
2.591806040894852
2.5649503519221577
