0.0
0.0
0.0
0.0
0.0
0.0
0.0
0.0
0.0
0.0
0.0
0.0
0.0
0.0
0.0
0.0
0.0
0.0
0.0
0.0
0.0
0.0
0.0
0.0
0.0
0.0
0.0
0.0
0.0
0.0
0.0
0.0
0.0
0.0
0.0
0.0
0.0
0.0
0.0
0.0
0.0
0.0
0.0
0.0
0.0
0.0
0.0
0.0
0.0
0.0009951591491699219
0.0
0.0
0.0
0.0
0.0
0.0
0.0
0.0
0.0
0.0
0.0
0.0
0.0
0.0
0.0
0.0
0.0
0.0
0.0
0.0
0.0
0.0
0.0
0.0009968280792236328
0.0
0.0
0.0
0.0
0.0
0.0
0.0
0.0
0.0009970664978027344
0.0
0.0
0.0
0.0
0.0
0.0
0.0
0.0
0.0
0.0
0.0
0.0
0.0007181167602539062
0.0009701251983642578
0.0
0.0
0.0
0.0
0.0
0.0007448196411132812
0.0
0.0
0.0
0.0
0.0
0.0
0.0
0.0009970664978027344
0.0
0.0
0.0
0.0
0.000997304916381836
0.0
0.0009965896606445312
0.0009970664978027344
0.0
0.0010254383087158203
0.0
0.0
0.0
0.0009965896606445312
0.0010221004486083984
0.0009965896606445312
0.0009968280792236328
0.0009968280792236328
0.0
0.0009665489196777344
0.0
0.0
0.0
0.0009980201721191406
0.0
0.0
0.0
0.000997304916381836
0.0009701251983642578
0.0
0.000997781753540039
0.0
0.0009675025939941406
0.0009961128234863281
0.0
0.0010228157043457031
0.0
0.0009980201721191406
0.0
0.000997304916381836
0.0
0.0
0.0
0.0009953975677490234
0.0010259151458740234
0.0012183189392089844
0.0009989738464355469
0.0009872913360595703
0.0
0.0
0.0007448196411132812
0.0009679794311523438
0.0009980201721191406
0.0
0.0009975433349609375
0.0
0.0009691715240478516
0.0009856224060058594
0.000997304916381836
0.001005411148071289
0.001027822494506836
0.0
0.0009915828704833984
0.0009975433349609375
0.0009970664978027344
0.000997304916381836
0.0
0.0
0.0009903907775878906
0.0
0.0009965896606445312
0.0009999275207519531
0.0
0.000997781753540039
0.000997304916381836
0.0010247230529785156
0.0010039806365966797
0.0009965896606445312
0.000997781753540039
0.0009975433349609375
0.000997304916381836
0.000997304916381836
0.0010037422180175781
0.000997781753540039
0.000997304916381836
0.0009965896606445312
0.000997304916381836
