0.28562976949045976
0.8832105925282099
0.7815995268499428
1.297057777464118
1.6744984035823696
1.0652520626509658
1.5053261636869548
1.619172391302394
1.545398405814817
1.640047397857706
1.996609446319138
1.6925988572016444
2.241330635616011
2.101237511256518
2.193928988692615
2.1562781965977575
2.1101804557864776
2.169043821766903
2.5868078766419367
2.0003455045934593
1.8947169520371456
2.1491670929039284
1.9482474042760853
2.1879847847577305
2.0870009814851054
2.3987351239368135
2.2417805016500614
2.5491456063451094
2.5879191159441595
2.6668015080518503
2.1436356566375303
2.364483046877451
2.5211158971426895
2.6671337615158657
2.700500861825131
2.5051025513246032
2.6367221305962465
2.690029561573182
2.508845086594252
2.585298931077128
2.4931115913152215
2.6755782030439863
2.6182164179091445
2.7774973565494685
2.306621584750531
2.6516563109104645
2.820131748447534
2.662600535901928
2.7633622855040896
2.8162559610310804
2.6984751260050763
2.616783139695447
2.4340075911291397
2.3064513520729375
2.369325250958889
2.3079478417070134
2.314968518403293
2.658684477365055
2.7623839588291537
2.710713598521687
2.4460476450296125
2.7790766398996416
2.8344561529730345
3.004543967606931
2.599081238558981
3.112235311533989
2.484210533171362
2.29417718598877
2.8703278763125404
2.851431361394733
2.746982660554714
2.5692692491617195
2.681581495811826
2.515787883542618
2.7174214003840858
2.8750197558526653
2.6811710901464623
2.757372537294152
2.89888098308096
2.7546798179737113
2.9285156982813683
2.8938571134867628
2.9467236512041577
2.5567032804134175
2.715279384065104
2.601318140223496
2.766564629834309
2.972139536525788
2.854283871131687
2.8526206497995354
2.8959574840951823
2.8315570895423785
2.985736795758269
3.0415304120599336
3.015335162185179
3.067706687964477
2.634096211748173
2.836432634200651
2.84550834978857
