10.324611536416793
10.319190062710282
10.447514631285163
10.213879413123513
10.301472392678571
10.384407377124553
10.855829910587914
10.531908421949682
10.390571095240428
10.238970124888505
10.309991896668457
10.276569498281475
10.147891617859862
10.163041629003088
10.173174755578676
10.236779693344225
10.242944564523027
10.158163860478139
10.252884437715823
10.185272596957612
10.145345696713376
10.393032686132413
10.202132757144573
10.263455587024286
10.248971983680281
10.210382482325025
10.142894899637444
10.207607070333362
10.257419633616582
10.16737999077659
10.174547587237049
10.20114133934457
10.185263104202049
10.136455050711609
10.168262172707028
10.144489793955442
10.14984773690029
10.14520309259279
10.199274612525475
10.17996202155898
10.13274879313366
10.187741598287564
10.172109773226838
10.134335782682118
10.170817719764525
10.1466119213229
10.151627550429872
10.162530253945496
10.161863352460268
10.134065056010979
10.125969939919532
10.137544443019857
10.147046744848335
10.139698380331986
10.126173549115833
10.134358706993732
10.134068601738136
10.136583973426934
10.131285992329152
10.120377868021976
10.144454706725615
10.123565217344128
10.123087482069895
10.154340662797967
10.17172443809296
10.144936747958706
10.128468067197238
10.131625438143
10.148001627956027
10.14006632893768
10.167375973559077
10.130342055294886
10.128072082555008
10.115549751983904
10.12589523037932
10.138957536095829
10.130497914954237
10.137904809120242
10.125957299396237
10.144339780396397
10.15207251922837
10.122789601672972
10.141438260579124
10.146080471462612
10.13146617667035
10.126305914568444
10.146519906123991
10.14649381840416
10.141712742244925
10.154786864955039
10.135691533760442
10.149697519063816
10.123767414227919
10.119670321588378
10.121478428477907
10.114263562392587
10.117143350412135
10.127094018911176
10.125778027117667
