10.590232453420413
11.02734148904026
11.001874464110486
11.369774064562936
10.338523361523627
10.39103800916677
10.305845328056373
10.460084007590266
10.344086575269591
10.599790981529242
10.353924413130924
10.277442422336106
10.158936039698542
10.224613456405475
10.27451053918837
10.3830485173719
10.262420206185118
10.165681520484295
10.191049319901198
10.19126353311
10.214475552077191
10.174638808145298
10.178642522283688
10.140038513852863
10.199427484218441
10.237682215372123
10.285948444545024
10.265506831869613
10.273710724730517
10.17254994854181
10.16471624469765
10.26084878349351
10.147941519796717
10.159199406992375
10.187201234403283
10.171315912748902
10.247024686662371
10.142744637935651
10.155648149060813
10.246545463351424
10.161691451785034
10.167908692978992
10.145083951837885
10.149956709204712
10.190897526601024
10.146830742321285
10.188445728345588
10.213886713208746
10.175191322260806
10.202125134390638
10.188258066227466
10.13548140941441
10.136163374731135
10.178557134953012
10.143275233116157
10.190944128859798
10.132299670553827
10.145789337745624
10.17836721246039
10.138152526719745
10.14783886821649
10.143766504973527
10.170722899409283
10.141789024952844
10.163852076406904
10.145653940210467
10.16491288665325
10.158118854622554
10.15611377571607
10.146370104252576
10.145190381939681
10.187378651549551
10.137314078272881
10.147943145024477
10.18747648556724
10.172708283768655
10.139771136523477
10.153186608732266
10.1224049725121
10.141881294018505
10.16338246219446
10.138193743996304
10.155229519999633
10.160715590083756
10.150001272846144
10.134104184283
10.146724181566205
10.167944415167652
10.13952107703729
10.134860767367623
10.139698406901156
10.13411489065086
10.141686630602496
10.158089473090282
10.137568189060437
10.141099139386547
10.133977546247777
10.128322616801052
10.140360159613778
