1.0
1.7
1.9401
2.2110699999999994
2.3287189999999995
2.4831033
2.5407513099999997
2.6315259169999994
2.659773441899999
2.7148414093299995
2.7286826965309996
2.7630778875716997
2.7698601183001896
2.7919020828101324
2.7952253758670924
2.809657763106965
2.811286176704875
2.820900323693412
2.821698246356388
2.8281887724494714
2.8285797545543296
2.8330058281880306
2.833197409419411
2.8362381865935875
2.836332061396964
2.8384324429778744
2.838478441631529
2.83993490914207
2.8399574484823606
2.840970213937652
2.8409812582143945
2.841686880750076
2.84169229244568
2.8421846047119756
2.8421872564428217
2.8425310795099747
2.842532378858089
2.842772665200662
2.8427733018812384
2.8429413113168667
2.842941623290349
2.8430591363032436
2.8430592891702497
2.8431415024191744
2.8431415773240074
2.8431991041268043
2.8431991408301727
2.84323939858112
2.8432394165657704
2.843267591596039
2.8432676004085176
2.843287320285962
2.8432873246040766
2.8433011272228534
2.8433011293387294
2.84331079053711
2.8433107915738893
2.843317554101722
2.8433175546097442
2.8433222882268203
2.843322288475751
2.843325601933025
2.843325602055001
2.8433279214385005
2.8433279214982687
2.843329545048787
2.8433295450780736
2.843330681554651
2.843330681569001
2.8433314770983005
2.843331477105332
2.843332033973732
2.8433320339771777
2.843332423784024
2.8433324237857125
2.843332696649998
2.843332696650825
2.8433328876555772
2.8433328876559827
2.8433330213591876
2.843333021359386
2.84333311495157
2.843333114951667
2.8433331804661663
2.843333180466214
2.843333226326349
2.8433332263263726
2.8433332584284603
2.843333258428472
2.84333328089993
2.8433332808999356
2.8433332966299543
2.843333296629957
2.8433333076409695
2.843333307640971
2.843333315348679
2.8433333153486795
2.8433333207440747
2.843333320744075
