0.0
0.0
0.0
0.0
0.0
0.0
0.0
0.0
0.0
0.0
0.0
0.0
0.0
0.0
0.0
0.0
0.0
0.0
0.0
0.0
0.0
0.0
0.001005411148071289
0.0
0.0
0.0
0.0
0.0
0.0
0.0
0.0009970664978027344
0.0
0.0
0.000997304916381836
0.0
0.0
0.0
0.0
0.0
0.0
0.0008180141448974609
0.0009953975677490234
0.0
0.0
0.0009975433349609375
0.0009970664978027344
0.0
0.0
0.0009984970092773438
0.000997304916381836
0.000997304916381836
0.0
0.0
0.0009980201721191406
0.0009961128234863281
0.0010027885437011719
0.001004934310913086
0.0010006427764892578
0.0009975433349609375
0.0009968280792236328
0.0
0.000997304916381836
0.0009937286376953125
0.0009925365447998047
0.0009970664978027344
0.000989675521850586
0.000997304916381836
0.0009913444519042969
0.0009975433349609375
0.000997304916381836
0.0009970664978027344
0.000965118408203125
0.000997304916381836
0.0009975433349609375
0.0009982585906982422
0.0007624626159667969
0.0008053779602050781
0.0009965896606445312
0.001972198486328125
0.0019648075103759766
0.001985788345336914
0.0020253658294677734
0.0019669532775878906
0.001994609832763672
0.0019643306732177734
0.0019943714141845703
0.0019943714141845703
0.0019745826721191406
0.001994609832763672
0.002271413803100586
0.002969980239868164
0.0019941329956054688
0.0019948482513427734
0.0029921531677246094
0.0029916763305664062
0.002991914749145508
0.002962827682495117
0.0029921531677246094
0.0029926300048828125
0.002991914749145508
0.0038101673126220703
0.002992391586303711
0.00299072265625
0.0029921531677246094
0.003989219665527344
0.0029916763305664062
0.004100322723388672
0.003988981246948242
0.0039899349212646484
0.005009651184082031
0.003989458084106445
0.003989696502685547
0.0049860477447509766
0.003988981246948242
0.005984067916870117
0.004987001419067383
0.004986763000488281
0.0049898624420166016
0.004987001419067383
0.004986763000488281
0.004987478256225586
0.005030155181884766
0.005984783172607422
0.005046367645263672
0.006042003631591797
0.0058596134185791016
0.0059659481048583984
0.0059833526611328125
0.00731658935546875
0.0059795379638671875
0.0060269832611083984
0.006814002990722656
0.006981611251831055
0.006981372833251953
0.00698089599609375
0.007104635238647461
0.007975101470947266
0.0069806575775146484
0.00797891616821289
0.008975982666015625
0.007978677749633789
0.0072174072265625
0.0080108642578125
0.00897669792175293
0.008573055267333984
0.008969783782958984
0.008989810943603516
0.00901174545288086
0.00984501838684082
0.009903907775878906
0.009972333908081055
0.009973526000976562
0.011028528213500977
0.01001119613647461
0.012506961822509766
0.011624813079833984
0.01086115837097168
0.01058197021484375
0.011100530624389648
0.011991024017333984
0.012060403823852539
0.012664794921875
0.012026309967041016
0.012719154357910156
0.013857126235961914
0.012967348098754883
0.013961553573608398
0.013814926147460938
0.013374567031860352
0.014921188354492188
0.013896465301513672
0.014969825744628906
0.014996767044067383
0.015959978103637695
0.01576828956604004
0.015711545944213867
0.015957117080688477
0.01659679412841797
0.017982006072998047
0.019003629684448242
0.016927003860473633
0.017595291137695312
0.016983747482299805
0.01698780059814453
0.016785860061645508
0.01704263687133789
0.018770217895507812
0.018915414810180664
0.018956422805786133
0.019038915634155273
0.01829218864440918
0.018630027770996094
0.018949270248413086
0.01865673065185547
0.019596338272094727
0.020706892013549805
0.021027326583862305
0.020450353622436523
