1.0
1.7
2.19
2.533
2.7731
2.9411699999999996
3.0588189999999997
3.1411732999999997
3.1988213099999996
3.2391749169999997
3.2674224418999995
3.2871957093299997
3.301036996531
3.3107258975716998
3.3175081283001897
3.3222556898101328
3.3255789828670927
3.327905288006965
3.329533701604875
3.3306735911234124
3.3314715137863886
3.3320300596504717
3.33242104175533
3.332694729228731
3.332886310460111
3.3330204173220777
3.333114292125454
3.3331800044878177
3.333226003141472
3.3332582021990302
3.333280741539321
3.3332965190775243
3.333307563354267
3.3333152943479867
3.3333207060435903
3.333324494230513
3.333327145961359
3.333329002172951
3.3333303015210656
3.3333312110647455
3.3333318477453218
3.333332293421725
3.3333326053952073
3.3333328237766446
3.333332976643651
3.333333083650555
3.333333158555388
3.333333210988771
3.3333332476921393
3.333333273384497
3.333333291369147
3.3333333039584025
3.3333333127708813
3.3333333189396166
3.3333333232577314
3.3333333262804117
3.3333333283962876
3.333333329877401
3.33333333091418
3.333333331639926
3.333333332147948
3.333333332503563
3.3333333327524937
3.333333332926745
3.333333333048721
3.3333333331341044
3.3333333331938726
3.3333333332357102
3.3333333332649966
3.333333333285497
3.3333333332998474
3.3333333333098927
3.3333333333169244
3.3333333333218467
3.3333333333252924
3.333333333327704
3.3333333333293926
3.3333333333305744
3.3333333333314017
3.333333333331981
3.3333333333323862
3.33333333333267
3.3333333333328685
3.3333333333330075
3.3333333333331048
3.3333333333331727
3.3333333333332202
3.3333333333332535
3.333333333333277
3.3333333333332935
3.333333333333305
3.333333333333313
3.333333333333319
3.333333333333323
3.3333333333333255
3.3333333333333273
3.3333333333333286
3.3333333333333295
3.33333333333333
