0.0
0.0
0.0
0.0
0.0
0.0
0.0
0.0
0.0
0.0
0.0
0.0
0.0
0.0
0.0
0.0
0.0
0.0
0.0
0.0
0.0
0.0
0.0
0.0
0.0
0.0
0.0
0.0
0.0
0.0
0.0
0.0
0.000997781753540039
0.0
0.0
0.0
0.0
0.0
0.0
0.0009970664978027344
0.0
0.0
0.0009968280792236328
0.0009982585906982422
0.0
0.0
0.0
0.0009958744049072266
0.0
0.0009965896606445312
0.0
0.0
0.0
0.0
0.0
0.0009963512420654297
0.0
0.0009932518005371094
0.0
0.0
0.0
0.000997304916381836
0.001001119613647461
0.0008115768432617188
0.0009975433349609375
0.001005411148071289
0.0
0.0010027885437011719
0.0009970664978027344
0.0009965896606445312
0.0009968280792236328
0.001001596450805664
0.000997304916381836
0.0009970664978027344
0.0009965896606445312
0.0010044574737548828
0.0009961128234863281
0.0009975433349609375
0.0009958744049072266
0.0010237693786621094
0.000995635986328125
0.0019943714141845703
0.000997304916381836
0.0019655227661132812
0.0020186901092529297
0.001994609832763672
0.0019659996032714844
0.0009942054748535156
0.0009968280792236328
0.0014238357543945312
0.0018956661224365234
0.001972198486328125
0.001965045928955078
0.0019943714141845703
0.0026094913482666016
0.001995086669921875
0.0015530586242675781
0.001994609832763672
0.001994609832763672
0.001993894577026367
0.002991914749145508
0.0029914379119873047
0.001994609832763672
0.0029916763305664062
0.002992391586303711
0.002828359603881836
0.002992391586303711
0.001993894577026367
0.001994609832763672
0.0038874149322509766
0.0019941329956054688
0.001994609832763672
0.002991914749145508
0.0029904842376708984
0.002887725830078125
0.0040323734283447266
0.0029926300048828125
0.003988981246948242
0.003989696502685547
0.003989219665527344
0.004986286163330078
0.003986358642578125
0.003988981246948242
0.003989696502685547
0.004957437515258789
0.004003047943115234
0.003988981246948242
0.004034280776977539
0.00399327278137207
0.004801750183105469
0.0046787261962890625
0.0049970149993896484
0.004987001419067383
0.004745006561279297
0.004987001419067383
0.004986286163330078
0.005575895309448242
0.0049860477447509766
0.0069811344146728516
0.0069811344146728516
0.0059545040130615234
0.005726337432861328
0.005955934524536133
0.005955696105957031
0.00698089599609375
0.006016969680786133
0.007008790969848633
0.007006168365478516
0.00701141357421875
0.006981849670410156
0.007028102874755859
0.006981611251831055
0.00786590576171875
0.006981849670410156
0.007978677749633789
0.007795572280883789
0.007948875427246094
0.007983922958374023
0.007978439331054688
0.008513927459716797
0.008975505828857422
0.009102106094360352
0.009856224060058594
0.009003877639770508
0.009653806686401367
0.008975982666015625
0.00895380973815918
0.009003162384033203
0.010407686233520508
0.010008573532104492
0.00994873046875
0.009775876998901367
0.011940717697143555
0.011006593704223633
0.010996103286743164
0.010948896408081055
0.010970592498779297
0.010607481002807617
0.011995553970336914
0.012999296188354492
0.012970447540283203
0.011967182159423828
0.011955499649047852
0.011955738067626953
0.011943817138671875
0.011952877044677734
0.013997077941894531
0.012677192687988281
0.014475822448730469
0.013962507247924805
0.01396322250366211
0.013468503952026367
0.013742446899414062
0.013699769973754883
0.01495981216430664
0.014664173126220703
0.01478719711303711
0.014960527420043945
